00031487;
00031753;
00031768;
00031772;
00031778;
00031779;
00031785;
00031801;
00031804;
00031807;
00031816;
00031827;
00031838;
00031846;
00031976;
00033821;
00035340;
00035670;
00036287;
00036385;
00036602;
00036617;
00036618;
00036780;
00036786;
00036963;
00036968;
00036969;
00036970;
00036975;
00036985;
00037163;
00037171;
00037172;
00037174;
00037175;
00037177;
00037180;
00037884;
00037889;
00037891;
00037892;
00037896;
00037897;
00037899;
00037909;
00037916;
00037919;
00039450;
00052192;
00052194;
00052205;
00052206;
00052226;
00058772;
00060299;
00060587;
00060755;
00060767;
00060794;
00060867;
00060941;
00061157;
00061417;
00061593;
00061600;
00061683;
00061688;
00064365;
00064380;
00064559;
00064981;
00064985;
00064986;
00064988;
00065110;
00065114;
00065116;
00065155;
00065157;
00065164;
00065165;
00065166;
00065171;
00065173;
00065176;
00065181;
00065183;
00065184;
00065190;
00065195;
00065242;
00065255;
00065257;
00065258;
00065293;
00065297;
00065305;
00066596;
00070768;
00070781;
00070842;
00070843;
00070844;
00070853;
00070854;
00070873;
00071560;
00071562;
00071565;
00071567;
00071582;
00071586;
00071592;
00071594;
00071598;
00071669;
00071776;
00071780;
00071843;
00071852;
00071859;
00071898;
00071927;
00071938;
00071960;
00071976;
00072666;
00072773;
00072788;
00072799;
00072831;
00072834;
00073423;
00073443;
00073500;
00073542;
00073821;
00073825;
00073828;
00073830;
00073835;
00073859;
00073868;
00073874;
00073888;
00073915;
00073924;
00073980;
00073982;
00073984;
00073988;
00074009;
00074061;
00074065;
00074072;
00074101;
00074104;
00074151;
00074168;
00074233;
00074240;
00074241;
00074292;
00074293;
00074297;
00074310;
00074512;
00074760;
00074801;
00074822;
00074834;
00074842;
00074878;
00074880;
00074917;
00074929;
00074932;
00074986;
00075022;
00075059;
00075077;
00075097;
00075117;
00075150;
00075154;
00075155;
00075161;
00075176;
00075186;
00075206;
00075232;
00075250;
00075307;
00075316;
00075322;
00075330;
00075331;
00075360;
00075402;
00075434;
00075456;
00075482;
00075492;
00075519;
00075544;
00075586;
00075609;
00075613;
00075636;
00075637;
00075638;
00075683;
00075736;
00075765;
00075767;
00075773;
00075780;
00075785;
00075820;
00075824;
00075838;
00075859;
00075873;
00075908;
00075927;
00075929;
00075946;
00075976;
00075979;
00075984;
00075985;
00075995;
00076009;
00076013;
00076065;
00076077;
00076080;
00076081;
00076112;
00076117;
00076149;
00076154;
00076174;
00076180;
00076186;
00076190;
00076199;
00076256;
00076259;
00076289;
00076296;
00076303;
00076306;
00076409;
00076488;
00076517;
00076532;
00076569;
00076576;
00076593;
00076600;
00076620;
00076631;
00076638;
00076671;
00076743;
00076756;
00076757;
00076763;
00076793;
00076802;
00076812;
00076817;
00076826;
00076834;
00076869;
00076922;
00076935;
00076938;
00076977;
00076984;
00077047;
00077091;
00077162;
00077380;
00077383;
00077389;
00077391;
00077521;
00077621;
00077642;
00077644;
00077672;
00077734;
00077752;
00077763;
00077809;
00077813;
00077823;
00077863;
00077866;
00077873;
00077876;
00077877;
00077880;
00077882;
00077895;
00077900;
00077907;
00077931;
00077972;
00077985;
00077986;
00077988;
00077995;
00078114;
00089637;
00100566;
00100615;
00101286;
00103217;
00103280;
00104166;
00113041;
00113185;
00113204;
00113206;
00113219;
00113312;
00113316;
00113318;
00113321;
00113322;
00113513;
00130860;
00131320;
00131321;
00131327;
00131328;
00131334;
00131344;
00190186;
00190504;
00190505;
00190506;
00190510;
00190522;
00190557;
00190590;
00190881;
00190911;
00190915;
00190917;
00190952;
00191098;
00192053;
00192081;
00192162;
00192201;
00192202;
00192211;
00192214;
00192215;
00192223;
00193273;
00193279;
00193307;
00193948;
00194892;
00194893;
00194900;
00197020;
00221434;
00221904;
00221919;
00221920;
00221921;
00221922;
00221925;
00221927;
00221935;
00222439;
00222483;
00222611;
00222612;
00223424;
00223436;
00223793;
00224799;
00225211;
00225531;
00225537;
00227051;
00227338;
00234026;
00234389;
00236152;
00239535;
00240554;
00240562;
00240867;
00250004;
00257979;
00260351;
00262036;
00262100;
00264386;
00266332;
00266342;
00267989;
00279247;
00281081;
00281284;
00286193;
00286882;
00290269;
00291532;
00292868;
00297781;
00299274;
00303986;
00306248;
00308497;
00309682;
00309699;
00326014;
00326018;
00338904;
00349266;
00356876;
00362697;
00364074;
00370529;
00373418;
00373533;
00376274;
00376868;
00378151;
00378667;
00381986;
00383759;
00384170;
00384182;
00385418;
00386558;
00386558;
00386969;
00387307;
00387325;
00387362;
00389090;
00392207;
00392559;
00393094;
00393163;
00399811;
00402775;
00410937;
00420215;
00420375;
00422619;
00425704;
00426212;
00431776;
00435365;
00435366;
00435386;
00435393;
00435394;
00435395;
00435880;
00436489;
00436765;
00437886;
00438359;
00438675;
00439376;
00440178;
00492194;
00493382;
00493635;
00499629;
00502387;
00507948;
00510258;
00524624;
00536709;
00550835;
00550841;
00550842;
00559822;